    697
    346
    217
    211
    214
    210
    211
    210
    213
    213
    212
    340
    209
    210
    208
    206
    211
    208
    210
    209
    202
    204
    203
    202
    204
    217
    218
    259
    202
    204
    221
    213
    214
    306
    204
    273
    262
    201
    207
    260
    201
    201
    287
    205
    205
    203
    202
    202
    203
    206
    203
    209
    204
    207
    199
    201
    202
    201
    202
    201
    203
    200
    203
    205
    256
    201
    201
    200
    234
    199
    204
    200
    204
    205
    202
    201
    200
    201
    204
    311
    275
    202
    255
    226
    202
    235
    199
    203
    201
    201
    202
    202
    201
    201
    204
    203
    199
    200
    199