    2055
    257
    256
    244
    240
    242
    240
    220
    229
    230
    231
    268
    261
    203
    205
    202
    234
    224
    220
    217
    206
    199
    199
    248
    246
    247
    248
    250
    251
    247
    259
    250
    248
    246
    249
    255
    246
    249
    246
    246
    246
    255
    246
    246
    253
    247
    248
    246
    247
    247
    248
    246
    246
    247
    247
    253
    247
    247
    248
    244
    250
    251
    246
    250
    252
    247
    246
    246
    251
    247
    247
    248
    250
    250
    253
    246
    246
    249
    249
    252
    247
    256
    246
    258
    254
    246
    250
    243
    250
    248
    248
    247
    246
    248
    248
    256
    248
    246
    244
    253